Mock_1_readcount	Mock_2_readcount	Mock_3_readcount	NT_1_readcount	NT_2_readcount	NT_3_readcount	T_1_readcount	T_2_readcount	T_3_readcount
Mock_1_readcount	1	0.948403549026244	0.976531924433754	0.0141068430145568	0.0119371087315259	0.0112343710081787	0.0534561521897162	0.0279344711456098	0.02738795423835
Mock_2_readcount	0.948403549026244	1	0.883118409720437	0.0155538466264958	0.012796038702904	0.0125088278184871	0.0551149455145919	0.0292144956838627	0.0287312444011383
Mock_3_readcount	0.976531924433754	0.883118409720437	1	0.0125404280268771	0.0107798670341771	0.00992839801803431	0.0490422302383245	0.0253957530586848	0.0248967046908123
NT_1_readcount	0.0141068430145568	0.0155538466264958	0.0125404280268771	1	0.999382130195086	0.999895496456678	0.976526048433152	0.96905685117969	0.967062264301943
NT_2_readcount	0.0119371087315259	0.012796038702904	0.0107798670341771	0.999382130195086	1	0.99957672698684	0.982113089885289	0.975987388149039	0.974061018122901
NT_3_readcount	0.0112343710081787	0.0125088278184871	0.00992839801803431	0.999895496456678	0.99957672698684	1	0.977755266197216	0.970604895536432	0.968646051241485
T_1_readcount	0.0534561521897162	0.0551149455145919	0.0490422302383245	0.976526048433152	0.982113089885289	0.977755266197216	1	0.998780165877192	0.998504522605509
T_2_readcount	0.0279344711456098	0.0292144956838627	0.0253957530586848	0.96905685117969	0.975987388149039	0.970604895536432	0.998780165877192	1	0.999879005887452
T_3_readcount	0.02738795423835	0.0287312444011383	0.0248967046908123	0.967062264301943	0.974061018122901	0.968646051241485	0.998504522605509	0.999879005887452	1
